 0.33518437 0.1960081  0.37492263 0.3041023  0.32538864 0.339508
 0.29811057 0.33581027 0.2931525  0.29061767 0.3127246  0.31995845
 0.29130232 0.36288965 0.2942251  0.30939606 0.32998917 0.29580772
 0.33485973 0.31814158 0.39956048 0.3043987  0.3103267  0.34972996
 0.29892325 0.36341304 0.35751796 0.31004193 0.29061767 0.3100397
 0.33072135 0.34919968 0.3103068  0.2805112  0.37538582 0.3413517
 0.3115959  0.31260237 0.3393094  0.29757723 0.35138437 0.30728582
 0.3006431  0.342385   0.31349668 0.36870712 0.36038214 0.34883487
 0.37647694 0.33979332 0.3346972  0.3795126  0.32083243 0.295991
 0.31345978 0.30057833 0.33659738 0.2865059  0.3122331  0.3326101
 0.33407313 0.31418344 0.31236252 0.3331564  0.33977857 0.33444715
 0.3545211  0.3272662  0.36975208 0.35559255 0.3736071  0.351062
 0.3068498  0.33350846 0.2566493  0.29673073 0.29794934 0.30443883
 0.30314496 0.3127277  0.30068883 0.3318464  0.3402193  0.31745794
 0.39634737 0.3332482  0.3757291  0.3675072  0.3315013  0.27900803
 0.30907658 0.29061767 0.30388317 0.30467665 0.29225385 0.3310096
 0.3289458  0.29061767 0.32903495 0.35344616 0.30120677 0.2847622
 0.3711355  0.3118883  0.33559522 0.3088755  0.388728   0.2729966
 0.33649886 0.3364249  0.3182751  0.30867684 0.35040995 0.32902506
 0.36205634 0.30400273 0.36532557 0.34926528 0.33925134 0.32411894
 0.3010035  0.31543422 0.34486067 0.33914548 0.34621355 0.28509772
 0.29061767 0.30930954 0.3235491  0.29086787 0.29680973 0.2912107
 0.31525585 0.29749253 0.31817716 0.39357537 0.28826386 0.27965477
 0.3136641  0.3177135  0.33305147 0.32277614 0.38262606 0.32114014
 0.35747987 0.32539472 0.3659753  0.32797465 0.37999803 0.31993368
 0.32068413 0.32886922 0.26434168 0.32064125 0.38894463 0.28691772
 0.29061767 0.3207571  0.35615933 0.2897793  0.3328634  0.28743523
 0.30237767 0.2842115  0.3512752  0.29061767 0.3237584  0.29061767
 0.3407459  0.28918096 0.30183476 0.3101834  0.31415492 0.30831656
 0.36075583 0.2879944  0.32445776 0.29061767 0.3503442  0.30499732
 0.3925755  0.3026146  0.29497537 0.31513172 0.31705758 0.32011333
 0.3682906  0.33135316 0.28380704 0.3426988  0.3730646  0.31814462
 0.35577765 0.32347342 0.29064932 0.30074537 0.29495633 0.31090838
 0.3056109  0.29248023 0.36569774 0.28914043 0.36562318 0.20758456
 0.30133697 0.37035412 0.32446066 0.33479205 0.30492792 0.34084833
 0.29914767 0.32856956 0.33557343 0.30530342 0.29360262 0.36209446
 0.29709148 0.3359616  0.3866748  0.3235512  0.32798105 0.3080519
 0.32083887 0.31442365 0.34501302 0.29061767 0.34832686 0.3229679
 0.35399407 0.32439113 0.3516309  0.33916563 0.3565156  0.3411817
 0.35657525 0.3615414  0.35726216 0.33548468 0.29607654 0.30855966
 0.3323949  0.29061767 0.3014059  0.46613455 0.31367445 0.38323045
 0.3331227  0.27007067 0.29890922 0.3997938  0.32816693 0.32899448
 0.32766458 0.28655925 0.3351786  0.36268473 0.34344774 0.31927556
 0.3017995  0.29736426 0.34144264 0.3018617  0.35617718 0.37153772
 0.33545053 0.29061767 0.305923   0.29462388 0.3283859  0.30374694
 0.34045824 0.35995126 0.35542125 0.36321324 0.30822828 0.3843372
 0.28103814 0.30141318 0.29318902 0.3932762  0.30502585 0.33214813
 0.28328633 0.32298255 0.3197753  0.3085541  0.29977226 0.31012815
 0.301927   0.32562107 0.29629502 0.32009342 0.29193658 0.31438464
 0.3804509  0.29251194 0.33874822 0.32807454 0.30247322 0.32209358
 0.33032882 0.300363   0.3211366  0.39181882 0.3399679  0.30201462
 0.30772772 0.36979643 0.36466002 0.3183874  0.26419872 0.2931251
 0.3336604  0.30488104 0.28974038 0.30883598 0.3036969  0.29162416
 0.30380306 0.33321342 0.34880933 0.2922424  0.35603958 0.32410002
 0.32418093 0.29447883 0.36473572 0.29594293 0.33774534 0.3305392
 0.29821792 0.30204278 0.30539274 0.32057586 0.29583964 0.34243503
 0.34984863 0.3474226  0.29061767 0.29179785 0.3255862  0.35197678
 0.3190439  0.29079166 0.3101463  0.3151595  0.3163451  0.3326601
 0.31586668 0.3442955  0.34749326 0.3368594  0.363669   0.35295802
 0.28498837 0.3222491  0.30159357 0.31984144 0.3299703  0.32791182
 0.3504133  0.46158853 0.30238748 0.3159149  0.29869446 0.29023662
 0.31522846 0.33031088 0.2813705  0.30077678 0.3110276  0.32756332
 0.3583628  0.37399387 0.34481224 0.29180112 0.30889478 0.28749132
 0.31355724 0.32634565 0.39554268 0.3069072  0.29614845 0.31754357
 0.34507692 0.33476517 0.3317707  0.32160017 0.31855163 0.31067467
 0.29792246 0.34731072 0.35814217 0.3121515  0.31157586 0.29061767
 0.32549646 0.31327125 0.30414385 0.33525932 0.32134938 0.3103002
 0.33632892 0.31963956 0.35441136 0.2847312  0.3314296  0.30277628
 0.3321584  0.33555013 0.3151695  0.3185227  0.35423398 0.31009865
 0.3811031  0.3223016  0.32046634 0.31841597 0.36959606 0.30330336
 0.30293077 0.37091774 0.3173226  0.31289795 0.3552974  0.29435304
 0.35372385 0.30984923 0.32401037 0.29455584 0.32925847 0.3108913
 0.30961674 0.3252973  0.29061767 0.29654777 0.3193702  0.31683552
 0.32899126 0.30779687 0.35004064 0.31236002 0.2643695  0.35105217
 0.2914779  0.32234707 0.3040043  0.31066206 0.29111856 0.29680622
 0.31893843 0.31645915 0.31800753 0.33016938 0.32083204 0.36455
 0.3284493  0.3674088  0.3113439  0.38705713 0.30038005 0.32322428
 0.33455217 0.29073784 0.33443695 0.2951524  0.3520659  0.33688697
 0.33275163 0.32456997 0.29751715 0.2951784  0.3202347  0.2853521
 0.33710158 0.35814664 0.3191193  0.3415553  0.2247501  0.35974225
 0.25279504 0.5992236  0.5253106  0.35403726 0.3501553  0.12189441
 0.59906834 0.31692547 0.10900621 0.35791925 0.14751554 0.13680124
 0.36940995 0.1363354  0.30326086 0.10372671 0.29130435 0.3986025
 0.50636643 0.35326087 0.3506211  0.29751554 0.364441   0.35947204
 0.38913044 0.41273293 0.4659938  0.3545031  0.38447204 0.14378881
 0.05186335 0.28757763 0.34875777 0.08074534 0.23090062 0.3824534
 0.45357144 0.12779503 0.4456522  0.443323   0.34642857 0.3484472
 0.35667703 0.31413043 0.4152174  0.14596273 0.40791926 0.36692548
 0.3439441  0.04658385 0.24968944 0.42608696 0.44937888 0.42624223
 0.17034161 0.5917702  0.3614907  0.22437888 0.20046584 0.518323
 0.60636646 0.31630436 0.35962734 0.4302795  0.31102484 0.17826086
 0.19083852 0.3529503  0.378882   0.26863354 0.35481367 0.40559006
 0.39953417 0.1363354  0.50357145 0.2113354  0.42670807 0.34891304
 0.32826087 0.3127329  0.34409937 0.21940994 0.49984473 0.42329192
 0.47779503 0.41335404 0.46009317 0.35434783 0.49968943 0.14177018
 0.39642859 0.4060559  0.35900623 0.12546584 0.4265528  0.12127329
 0.3052795  0.39829192 0.41987577 0.343323   0.19285715 0.33602485
 0.12903726 0.20419255 0.4128882  0.6273292  0.46381986 0.18121117
 0.3416149  0.34704968 0.5479814  0.3060559  0.35574535 0.11832298
 0.3886646  0.435559   0.33850932 0.3734472  0.3523292  0.4363354
 0.1545031  0.3614907  0.34673914 0.25714287 0.36459628 0.3166149
 0.41537267 0.34503105 0.11086956 0.3122671  0.26164597 0.6344721
 0.4068323  0.20326087 0.3045031  0.42795032 0.08198757 0.39813665
 0.31459627 0.28990683 0.12608695 0.37763974 0.3614907  0.32531056
 0.25341615 0.3916149  0.35652173 0.38524845 0.23447205 0.235559
 0.33680123 0.38540372 0.11475156 0.43586957 0.682764   0.16381988
 0.4501553  0.28695652 0.38074535 0.22453417 0.13338509 0.34083852
 0.4271739  0.20543478 0.39503106 0.20046584 0.37779504 0.40512422
 0.23649068 0.33850932 0.11195652 0.40822983 0.3847826  0.3812112
 0.12515529 0.32204968 0.46692547 0.4236025  0.18913044 0.34503105
 0.46257764 0.45559007 0.3726708  0.12701863 0.28152174 0.26397514
 0.2468944  0.08618012 0.39332297 0.46785715 0.05760869 0.51645964
 0.34953415 0.4248447  0.3824534  0.47313663 0.45900622 0.3545031
 0.42686334 0.35667703 0.39099377 0.5290373  0.17003106 0.6378882
 0.12903726 0.24130435 0.39798138 0.10186335 0.44580746 0.13850932
 0.47468945 0.45403728 0.33586955 0.3976708  0.39642859 0.33291924
 0.4779503  0.4621118  0.4795031  0.41459626 0.5236025  0.37919256
 0.31086957 0.3242236  0.3840062  0.33819875 0.5163044  0.15015528
 0.56397516 0.13478261 0.26847827 0.28059006 0.06708074 0.6021739
 0.33695653 0.34736025 0.33757764 0.34736025 0.4507764  0.37034163
 0.3810559  0.4388199  0.39037266 0.5167702  0.4513975  0.30729812
 0.32996893 0.24782608 0.10667702 0.49860248 0.33462733 0.10714286
 0.35093167 0.37127328 0.32437888 0.12313665 0.3914596  0.33913043
 0.15031056 0.17562112 0.36692548 0.27468944 0.3377329  0.34487578
 0.3416149  0.13369565 0.3675466  0.4122671  0.35496894 0.25714287
 0.28214285 0.37018633 0.09425466 0.37034163 0.40652174 0.48074535
 0.40745342 0.0666149  0.33850932 0.13338509 0.37763974 0.37173912
 0.12049689 0.51428574 0.414441   0.34518632 0.33959627 0.3675466
 0.2158385  0.10947205 0.36645964 0.3863354  0.35559008 0.21832298
 0.41645962 0.42080745 0.36055902 0.3998447  0.14953417 0.34114906
 0.40295032 0.38198757 0.22686335 0.34518632 0.28012422 0.4636646
 0.3833851  0.44223604 0.13975155 0.44363353 0.38881987 0.32763976
 0.4781056  0.39798138 0.37018633 0.13074534 0.21552795 0.18850932
 0.35605592 0.29440993 0.37965837 0.15046583 0.15093167 0.09751553
 0.36537266 0.13726708 0.38944098 0.3439441  0.24347825 0.37080744
 0.6364907  0.13478261 0.12080745 0.40931678 0.13509317 0.4818323
 0.14751554 0.34068322 0.63975155 0.19099379 0.08043478 0.1113354
 0.12639752 0.45838508 0.41847825 0.17313665 0.41940993 0.12624224
 0.15729813 0.26164597 0.48664597 0.12127329 0.5299689  0.4
 0.15310559 0.36692548 0.431677   0.2871118  0.2720497  0.26381987
 0.3728261  0.60201865 0.33664596 0.41397515 0.40403727 0.5015528
 0.10341615 0.38291925 0.51304346 0.28990683 0.41475156 0.35869566
 0.13804348 0.1431677  0.0923913  0.36832297 0.23649068 0.4173913
 0.22298136 0.34487578 0.34937888 0.35093167 0.34937888 0.39580745
 0.31009316 0.2736025  0.26785713 0.38307452 0.40947205 0.3513975
 0.38229814 0.68602484 0.35170808 0.2121118  0.41009316 0.57763976
 0.36102486 0.4507764  0.11661491 0.40279502 0.43183228 0.29487577
 0.49223602 0.12996894 0.39673913 0.33245343 0.1295031  0.11335403
 0.26475155 0.18571429 0.4015528  0.39844722 0.34751552 0.37903726
 0.22484472 0.1976708  0.2743789  0.3326087  0.18835403 0.30046585
 0.14177018 0.42313665 0.36723602 0.09798136 0.3652174  0.48664597
 0.45947206 0.3416149  0.36413044 0.3697205  0.11335403 0.3386646
 0.35       0.13649069 0.3628882  0.37981367 0.11475156 0.37515527
 0.2417702  0.13959627 0.14891304 0.41878882 0.37329194 0.23913044
 0.16180125 0.3925466  0.34829193 0.22204968 0.44114906 0.48913044
 0.20636646 0.36459628 0.23757765 0.37375775 0.4812112  0.2158385
 0.34580746 0.17080745 0.5697205  0.0757764  0.34704968 0.49223602
 0.3490683  0.22810559 0.38726708 0.10667702 0.23804347 0.17003106
 0.43602484 0.15962733 0.37080744 0.28773293 0.16273291 0.5787267
 0.44984472 0.3840062  0.3885093  0.27111802 0.4386646  0.51552796
