0.41272268 0.41341612 0.40336606 0.39685336 0.43675095 0.3796844
 0.42758912 0.4028509  0.35742983 0.40260595 0.42154476 0.35868758
 0.3333074  0.38076717 0.43525782 0.39078408 0.3709381  0.4393627
 0.35742983 0.37854698 0.34831268 0.44311923 0.43189234 0.35742983
 0.4968283  0.42968157 0.37069282 0.4294511  0.41268197 0.4052573
 0.4016703  0.35164696 0.39874732 0.37825638 0.39092356 0.3619965
 0.4427672  0.32082656 0.39277172 0.4006191  0.3701479  0.37371913
 0.43182322 0.49483562 0.40952682 0.46222562 0.4126646  0.43850663
 0.41560584 0.4048491  0.42110378 0.36127448 0.4010463  0.34274518
 0.41460073 0.3581004  0.35734534 0.35742983 0.35988545 0.3973449
 0.37738913 0.4148091  0.42100677 0.34765348 0.380811   0.41813123
 0.38349357 0.37424707 0.3661805  0.41294992 0.42089686 0.40889066
 0.4261263  0.39466995 0.41005063 0.37858278 0.37421113 0.41361636
 0.4329995  0.33764794 0.41197997 0.32822186 0.40699533 0.4234544
 0.383625   0.3706249  0.39536268 0.41477183 0.37143818 0.36413628
 0.3990888  0.40779108 0.34140456 0.35696724 0.38174868 0.40391564
 0.4116153  0.4019487  0.4041021  0.3762184  0.41790575 0.3687107
 0.40617815 0.43410262 0.41591883 0.35997683 0.35701737 0.37163138
 0.46546754 0.39544624 0.47033367 0.4843507  0.44673744 0.41432545
 0.36460406 0.37308767 0.4285047  0.37109953 0.37381864 0.3992624
 0.43204585 0.35667643 0.4130528  0.42034954 0.4017867  0.3723017
 0.39670572 0.40664148 0.39805782 0.405255   0.4155516  0.35110256
 0.39633438 0.3873476  0.4382116  0.36423606 0.39251885 0.28187764
 0.38086534 0.3871505  0.3866692  0.36953545 0.4067492  0.43555707
 0.40528542 0.36563477 0.4029561  0.40939736 0.41571745 0.35327575
 0.39071772 0.35742983 0.40096572 0.44316053 0.4354655  0.33144096
 0.34798208 0.42260438 0.3893462  0.37713546 0.3439381  0.43331242
 0.38553533 0.42923823 0.40011495 0.4171199  0.38934895 0.38283697
 0.41463652 0.4164443  0.369988   0.37331605 0.35442954 0.4194943
 0.37720963 0.39079824 0.35742983 0.38212052 0.40831918 0.3325624
 0.45274496 0.38893405 0.4044697  0.3652806  0.3630407  0.413526
 0.47874182 0.37656593 0.38758653 0.41255996 0.3502382  0.4408607
 0.35151827 0.40265906 0.41696405 0.35742983 0.41539317 0.40042502
 0.43058512 0.37458912 0.4217279  0.39557126 0.41860878 0.37477642
 0.3715094  0.45151055 0.47186264 0.37885562 0.4191014  0.40783727
 0.42340577 0.4194747  0.42146623 0.4072309  0.382136   0.3632645
 0.37665153 0.38025898 0.4446483  0.40839303 0.3910641  0.36199388
 0.39110154 0.39049226 0.36206064 0.3789726  0.40212548 0.40154722
 0.43406364 0.4446078  0.38923988 0.41224095 0.42398816 0.4072953
 0.4199254  0.44059956 0.46278206 0.3829524  0.37217066 0.44325098
 0.37953696 0.38178754 0.38928917 0.4703905  0.3135884  0.36363432
 0.3600081  0.3822306  0.3872902  0.3762064  0.37479323 0.41473097
 0.4082027  0.3644692  0.34268057 0.41649455 0.41684848 0.30989537
 0.40664595 0.4218905  0.37737384 0.41021746 0.35742983 0.4005444
 0.3606068  0.40989235 0.35513294 0.41591793 0.38993338 0.38124007
 0.41753328 0.42321557 0.40317667 0.3991325  0.419201   0.3785621
 0.43860638 0.3636733  0.37642813 0.36716312 0.37687346 0.45051858
 0.38354543 0.42217407 0.42281437 0.37403974 0.44992188 0.37534568
 0.3919668  0.44068074 0.35742983 0.38855442 0.38744754 0.38929453
 0.4358281  0.39546856 0.37417725 0.45662344 0.37715808 0.39106
 0.32964054 0.42295754 0.3508708  0.46357173 0.39359805 0.4125191
 0.46228665 0.44189793 0.41435122 0.43630922 0.4074531  0.37255743
 0.39271635 0.4368966  0.39882076 0.38004833 0.3953912  0.46417046
 0.5216907  0.37407976 0.38720003 0.3572597  0.3333479  0.4007764
 0.4248072  0.41709447 0.42204234 0.40272886 0.43229628 0.38674834
 0.39037442 0.35733178 0.40515193 0.3454354  0.37901884 0.39591348
 0.38217795 0.36673987 0.49880224 0.42973495 0.35742983 0.36657026
 0.4212475  0.40823102 0.42883188 0.43973002 0.410931   0.3614323


0.1434543  0.32224968 0.17499524 0.4404332  0.14250427 0.50104505
 0.12806384 0.4470834  0.70834124 0.12369371 0.43416303 0.51415545
 0.41782254 0.46798405 0.42238268 0.3838115  0.25080752 0.43207297
 0.5698271  0.59148777 0.4503135  0.38723162 0.40908226 0.58217746
 0.5439863  0.5413262  0.44860345 0.58483756 0.46817404 0.43606308
 0.13813414 0.40984228 0.5470264  0.24434733 0.31768954 0.22781684
 0.16321489 0.5367661  0.09424283 0.1533346  0.60117805 0.4432833
 0.15105453 0.48109442 0.48147443 0.11913358 0.43796313 0.14554437
 0.48831466 0.4535436  0.5097853  0.61219835 0.5502565  0.46874407
 0.2236367  0.17499524 0.15827475 0.53904617 0.4862246  0.4235227
 0.41269237 0.12749383 0.42789283 0.14744443 0.42257267 0.4201026
 0.4037621  0.61884856 0.52517575 0.28861865 0.30875927 0.4600038
 0.42200267 0.3566407  0.46912408 0.4930648  0.08075242 0.13376401
 0.41744253 0.48603457 0.42865285 0.12445373 0.3792514  0.41877255
 0.1569447  0.16682501 0.13205396 0.13148394 0.47843435 0.20387612
 0.31502944 0.3570207  0.49591488 0.49192476 0.44100323 0.22192666
 0.6040281  0.13148394 0.45221356 0.29165876 0.47463423 0.6937108
 0.10697321 0.49553487 0.4432833  0.45563367 0.1964659  0.59851795
 0.44138324 0.44746342 0.5569067  0.35151055 0.14193426 0.4793844
 0.2167965  0.12179365 0.37241116 0.38191146 0.12578377 0.2034961
 0.17062512 0.49762493 0.07923238 0.5764773  0.14801444 0.24168725
 0.3805814  0.47064412 0.1569447  0.5797074  0.3127494  0.13395402
 0.4562037  0.4867946  0.48603457 0.3629109  0.16454494 0.07030211
 0.52118564 0.51282537 0.44841346 0.4964849  0.5740072  0.11533346
 0.44423333 0.46228388 0.47463423 0.4191526  0.45506364 0.17917538
 0.31084934 0.5202356  0.4427133  0.14573437 0.4459434  0.44252327
 0.67433023 0.29583886 0.4364431  0.33212996 0.44195327 0.42865285
 0.5019951  0.43492305 0.33479005 0.6159985  0.48736462 0.63195896
 0.46646398 0.43093294 0.49591488 0.14687441 0.37241116 0.53961617
 0.46798405 0.5757173  0.54816645 0.5063652  0.4104123  0.1198936
 0.43169296 0.4467034  0.49781492 0.4430933  0.35721073 0.40205207
 0.48907468 0.36044082 0.50294507 0.21508645 0.16454494 0.51149535
 0.43511304 0.23598708 0.14630438 0.48508456 0.53448606 0.4362531
 0.38533157 0.15865476 0.20767623 0.20425613 0.4273228  0.4639939
 0.51852554 0.3933118  0.47444424 0.45259356 0.63898915 0.20482615
 0.60497814 0.3494205  0.27759832 0.46171385 0.4368231  0.15010451
 0.41820255 0.47121415 0.53448606 0.43929318 0.13718411 0.41896257
 0.10450313 0.41269237 0.50161505 0.25384763 0.14820445 0.4968649
 0.266008   0.5139654  0.13129394 0.39521185 0.53182596 0.52802587
 0.16644499 0.3401102  0.46608397 0.47824433 0.5099753  0.46798405
 0.14573437 0.30457914 0.11457343 0.41858256 0.5603268  0.49040473
 0.5314459  0.42523277 0.4195326  0.11742352 0.4974349  0.04237127
 0.4227627  0.5236557  0.5968079  0.4501235  0.33422002 0.45905378
 0.5031351  0.47064412 0.49895498 0.56526697 0.53505605 0.17575528
 0.1803154  0.13737412 0.21812655 0.46893406 0.42808285 0.16112484
 0.4235227  0.38039142 0.08607258 0.45905378 0.2236367  0.533916
 0.5757173  0.39445183 0.5451264  0.15238456 0.56583697 0.13775413
 0.4636139  0.40528217 0.43853316 0.15219456 0.34790045 0.44157323
 0.77902335 0.55595666 0.532586   0.29089874 0.42846286 0.4799544
 0.57172716 0.42447272 0.43169296 0.06365191 0.4231427  0.39559186
 0.47425422 0.37184116 0.49135473 0.35094053 0.1635949  0.2164165
 0.4869846  0.29887897 0.28063843 0.54151624 0.37450123 0.58426756
 0.4900247  0.12578377 0.43511304 0.50427514 0.46171385 0.16929507
 0.566787   0.13908418 0.16853505 0.466274   0.4398632  0.35588068
 0.47292417 0.4535436  0.5930078  0.4191526  0.39350182 0.44214326
 0.22135665 0.13224396 0.2764583  0.04161125 0.12901387 0.49591488
 0.50826526 0.10184305 0.58141744 0.17442523 0.501235   0.48755464
 0.45582366 0.42200267 0.42143264 0.29849896 0.35417062 0.45145354

 0.42224714 0.4255234  0.4255234  0.4310793  0.4221415  0.4265203
 0.41694802 0.43888277 0.39487746 0.3731824  0.42559803 0.43703154
 0.44020605 0.42526644 0.4567452  0.41021416 0.43881017 0.42803338
 0.44233847 0.36761752 0.46233478 0.37907642 0.42265844 0.45328102
 0.39282572 0.458991   0.4713862  0.3625238  0.44062763 0.34313315
 0.43893617 0.4255234  0.4255234  0.472482   0.4201196  0.4780872
 0.42375582 0.43784347 0.42415166 0.3963204  0.42441142 0.43703026
 0.44600433 0.44680637 0.48844612 0.44604677 0.4255234  0.45721984
 0.42375404 0.43881363 0.44874415 0.39778286 0.44957954 0.4255234
 0.44276688 0.509627   0.4072337  0.47661263 0.49536783 0.43412933
 0.44693062 0.41607943 0.41277558 0.43106645 0.4247385  0.4255234
 0.3979595  0.3095932  0.4067342  0.5214312  0.41770548 0.39333907
 0.42242467 0.42662722 0.44422886 0.4255234  0.40834445 0.48489806
 0.4384075  0.38224322 0.44823864 0.41215658 0.4285354  0.43722966
 0.3978617  0.41689956 0.4560922  0.42260566 0.4626856  0.44556305
 0.4159873  0.4561371  0.51010084 0.42534047 0.41056183 0.43370733
 0.44351584 0.4430538  0.46761066 0.45689067 0.48110935 0.45994368
 0.42381945 0.42877457 0.42114857 0.43318552 0.41633922 0.41563538
 0.4464802  0.46901628 0.49991292 0.4564436  0.4414668  0.42993492
 0.4026392  0.44157356 0.44465494 0.49539232 0.41900888 0.4160016
 0.39877033 0.42602542 0.4255234  0.45058814 0.44501024 0.4535094
 0.4799857  0.4351986  0.4313336  0.42627192 0.4255503  0.40412676
 0.5210626  0.47235364 0.5411625  0.47031707 0.4447982  0.45951623
 0.4507265  0.3907997  0.4367632  0.38772827 0.41843706 0.39456162
 0.4060398  0.44706383 0.41494352 0.44395792 0.43205774 0.48329347
 0.39978278 0.44135088 0.4363043  0.42748338 0.37793422 0.44166505
 0.41980028 0.42469305 0.43642014 0.43425596 0.3691154  0.42985445
 0.4405885  0.43603364 0.4224026  0.4586455  0.4328162  0.43055075
 0.4691403  0.39265096 0.41244072 0.426524   0.4332217  0.4255234 

0.48617306 0.38893846 0.50508475 0.3884032  0.40553078 0.46387154
 0.41373774 0.37520072 0.38483498 0.4777877  0.39339876 0.47582516
 0.43889385 0.44603032 0.3514719  0.3812667  0.39161462 0.7122212
 0.42694023 0.25316682 0.47439787 0.455843   0.49438003 0.4265834
 0.40178412 0.48617306 0.4925959  0.6321142  0.4702944  0.48278323
 0.35361284 0.47279215 0.5159679  0.3839429  0.5575379  0.44174844
 0.42158785 0.42854595 0.4174844  0.83853704 0.37181088 0.3175736
 0.42908117 0.40820697 0.5561106  0.4440678  0.47386262 0.3982159
 0.32256913 0.4071365  0.47368422 0.49384478 0.35753793 0.39197147
 0.28742194 0.44799286 0.37555754 0.34076717 0.40892062 0.3662801
 0.5339875  0.584835   0.48135594 0.45477253 0.3106155  0.51400536
 0.4590544  0.45173952 0.53737736 0.39179304 0.19072257 0.44763604
 0.4396075  0.38715434 0.43728814 0.5323818  0.33684212 0.32738626
 0.26547724 0.37270296 0.37734166 0.4337199  0.26494202 0.4481713
 0.47636038 0.39197147 0.4865299  0.37555754 0.420339   0.396967
 0.39322034 0.29812667 0.43639606 0.3941124  0.43639606 0.3869759
 0.34736842 0.29794827 0.39090097 0.26280108 0.42818913 0.52328277
 0.43264943 0.3131133  0.41570026 0.7082962  0.49063337 0.42997324
 0.544157   0.26297948 0.5027654  0.34397858 0.43300626 0.420339
 0.48028547 0.35825157 0.34219447 0.2899197  0.47725245 0.55040145
 0.45370206 0.45673504 0.5798394  0.30187333 0.49527207 0.4130241
 0.37894738 0.3882248  0.5991079  0.3853702  0.36877787 0.52560216
 0.5206066  0.37644958 0.4954505  0.5396967  0.35700268 0.3104371
 0.43354148 0.4968778  0.3807315  0.4487065  0.29188225 0.25851917
 0.42390722 0.35504013 0.49776986 0.42462087 0.33345228 0.38340768
 0.37734166 0.22194469 0.4146298  0.4190901  0.4469224  0.28064227
 0.5200714  0.55343443 0.4267618  0.30098125 0.46137378 0.55985725
 0.42515612 0.40231937 0.41231045 0.3812667  0.48617306 0.59500444
 0.4424621  0.46726137 0.5709188  0.4986619  0.44014272 0.65530777

 0.33518437 0.1960081  0.37492263 0.3041023  0.32538864 0.339508
 0.29811057 0.33581027 0.2931525  0.29061767 0.3127246  0.31995845
 0.29130232 0.36288965 0.2942251  0.30939606 0.32998917 0.29580772
 0.33485973 0.31814158 0.39956048 0.3043987  0.3103267  0.34972996
 0.29892325 0.36341304 0.35751796 0.31004193 0.29061767 0.3100397
 0.33072135 0.34919968 0.3103068  0.2805112  0.37538582 0.3413517
 0.3115959  0.31260237 0.3393094  0.29757723 0.35138437 0.30728582
 0.3006431  0.342385   0.31349668 0.36870712 0.36038214 0.34883487
 0.37647694 0.33979332 0.3346972  0.3795126  0.32083243 0.295991
 0.31345978 0.30057833 0.33659738 0.2865059  0.3122331  0.3326101
 0.33407313 0.31418344 0.31236252 0.3331564  0.33977857 0.33444715
 0.3545211  0.3272662  0.36975208 0.35559255 0.3736071  0.351062
 0.3068498  0.33350846 0.2566493  0.29673073 0.29794934 0.30443883
 0.30314496 0.3127277  0.30068883 0.3318464  0.3402193  0.31745794
 0.39634737 0.3332482  0.3757291  0.3675072  0.3315013  0.27900803
 0.30907658 0.29061767 0.30388317 0.30467665 0.29225385 0.3310096
 0.3289458  0.29061767 0.32903495 0.35344616 0.30120677 0.2847622
 0.3711355  0.3118883  0.33559522 0.3088755  0.388728   0.2729966
 0.33649886 0.3364249  0.3182751  0.30867684 0.35040995 0.32902506
 0.36205634 0.30400273 0.36532557 0.34926528 0.33925134 0.32411894
 0.3010035  0.31543422 0.34486067 0.33914548 0.34621355 0.28509772
 0.29061767 0.30930954 0.3235491  0.29086787 0.29680973 0.2912107
 0.31525585 0.29749253 0.31817716 0.39357537 0.28826386 0.27965477
 0.3136641  0.3177135  0.33305147 0.32277614 0.38262606 0.32114014
 0.35747987 0.32539472 0.3659753  0.32797465 0.37999803 0.31993368
 0.32068413 0.32886922 0.26434168 0.32064125 0.38894463 0.28691772
 0.29061767 0.3207571  0.35615933 0.2897793  0.3328634  0.28743523
 0.30237767 0.2842115  0.3512752  0.29061767 0.3237584  0.29061767
 0.3407459  0.28918096 0.30183476 0.3101834  0.31415492 0.30831656
 0.36075583 0.2879944  0.32445776 0.29061767 0.3503442  0.30499732
 0.3925755  0.3026146  0.29497537 0.31513172 0.31705758 0.32011333
 0.3682906  0.33135316 0.28380704 0.3426988  0.3730646  0.31814462
 0.35577765 0.32347342 0.29064932 0.30074537 0.29495633 0.31090838
 0.3056109  0.29248023 0.36569774 0.28914043 0.36562318 0.20758456
 0.30133697 0.37035412 0.32446066 0.33479205 0.30492792 0.34084833
 0.29914767 0.32856956 0.33557343 0.30530342 0.29360262 0.36209446
 0.29709148 0.3359616  0.3866748  0.3235512  0.32798105 0.3080519
 0.32083887 0.31442365 0.34501302 0.29061767 0.34832686 0.3229679
 0.35399407 0.32439113 0.3516309  0.33916563 0.3565156  0.3411817
 0.35657525 0.3615414  0.35726216 0.33548468 0.29607654 0.30855966
 0.3323949  0.29061767 0.3014059  0.46613455 0.31367445 0.38323045
 0.3331227  0.27007067 0.29890922 0.3997938  0.32816693 0.32899448
 0.32766458 0.28655925 0.3351786  0.36268473 0.34344774 0.31927556
 0.3017995  0.29736426 0.34144264 0.3018617  0.35617718 0.37153772
 0.33545053 0.29061767 0.305923   0.29462388 0.3283859  0.30374694
 0.34045824 0.35995126 0.35542125 0.36321324 0.30822828 0.3843372
 0.28103814 0.30141318 0.29318902 0.3932762  0.30502585 0.33214813
 0.28328633 0.32298255 0.3197753  0.3085541  0.29977226 0.31012815
 0.301927   0.32562107 0.29629502 0.32009342 0.29193658 0.31438464
 0.3804509  0.29251194 0.33874822 0.32807454 0.30247322 0.32209358
 0.33032882 0.300363   0.3211366  0.39181882 0.3399679  0.30201462
 0.30772772 0.36979643 0.36466002 0.3183874  0.26419872 0.2931251
 0.3336604  0.30488104 0.28974038 0.30883598 0.3036969  0.29162416
 0.30380306 0.33321342 0.34880933 0.2922424  0.35603958 0.32410002
 0.32418093 0.29447883 0.36473572 0.29594293 0.33774534 0.3305392
 0.29821792 0.30204278 0.30539274 0.32057586 0.29583964 0.34243503
 0.34984863 0.3474226  0.29061767 0.29179785 0.3255862  0.35197678
 0.3190439  0.29079166 0.3101463  0.3151595  0.3163451  0.3326601
 0.31586668 0.3442955  0.34749326 0.3368594  0.363669   0.35295802
 0.28498837 0.3222491  0.30159357 0.31984144 0.3299703  0.32791182
 0.3504133  0.46158853 0.30238748 0.3159149  0.29869446 0.29023662
 0.31522846 0.33031088 0.2813705  0.30077678 0.3110276  0.32756332
 0.3583628  0.37399387 0.34481224 0.29180112 0.30889478 0.28749132
 0.31355724 0.32634565 0.39554268 0.3069072  0.29614845 0.31754357
 0.34507692 0.33476517 0.3317707  0.32160017 0.31855163 0.31067467
 0.29792246 0.34731072 0.35814217 0.3121515  0.31157586 0.29061767
 0.32549646 0.31327125 0.30414385 0.33525932 0.32134938 0.3103002
 0.33632892 0.31963956 0.35441136 0.2847312  0.3314296  0.30277628
 0.3321584  0.33555013 0.3151695  0.3185227  0.35423398 0.31009865
 0.3811031  0.3223016  0.32046634 0.31841597 0.36959606 0.30330336
 0.30293077 0.37091774 0.3173226  0.31289795 0.3552974  0.29435304
 0.35372385 0.30984923 0.32401037 0.29455584 0.32925847 0.3108913
 0.30961674 0.3252973  0.29061767 0.29654777 0.3193702  0.31683552
 0.32899126 0.30779687 0.35004064 0.31236002 0.2643695  0.35105217
 0.2914779  0.32234707 0.3040043  0.31066206 0.29111856 0.29680622
 0.31893843 0.31645915 0.31800753 0.33016938 0.32083204 0.36455
 0.3284493  0.3674088  0.3113439  0.38705713 0.30038005 0.32322428
 0.33455217 0.29073784 0.33443695 0.2951524  0.3520659  0.33688697
 0.33275163 0.32456997 0.29751715 0.2951784  0.3202347  0.2853521
 0.33710158 0.35814664 0.3191193  0.3415553  0.2247501  0.35974225


 0.25279504 0.5992236  0.5253106  0.35403726 0.3501553  0.12189441
 0.59906834 0.31692547 0.10900621 0.35791925 0.14751554 0.13680124
 0.36940995 0.1363354  0.30326086 0.10372671 0.29130435 0.3986025
 0.50636643 0.35326087 0.3506211  0.29751554 0.364441   0.35947204
 0.38913044 0.41273293 0.4659938  0.3545031  0.38447204 0.14378881
 0.05186335 0.28757763 0.34875777 0.08074534 0.23090062 0.3824534
 0.45357144 0.12779503 0.4456522  0.443323   0.34642857 0.3484472
 0.35667703 0.31413043 0.4152174  0.14596273 0.40791926 0.36692548
 0.3439441  0.04658385 0.24968944 0.42608696 0.44937888 0.42624223
 0.17034161 0.5917702  0.3614907  0.22437888 0.20046584 0.518323
 0.60636646 0.31630436 0.35962734 0.4302795  0.31102484 0.17826086
 0.19083852 0.3529503  0.378882   0.26863354 0.35481367 0.40559006
 0.39953417 0.1363354  0.50357145 0.2113354  0.42670807 0.34891304
 0.32826087 0.3127329  0.34409937 0.21940994 0.49984473 0.42329192
 0.47779503 0.41335404 0.46009317 0.35434783 0.49968943 0.14177018
 0.39642859 0.4060559  0.35900623 0.12546584 0.4265528  0.12127329
 0.3052795  0.39829192 0.41987577 0.343323   0.19285715 0.33602485
 0.12903726 0.20419255 0.4128882  0.6273292  0.46381986 0.18121117
 0.3416149  0.34704968 0.5479814  0.3060559  0.35574535 0.11832298
 0.3886646  0.435559   0.33850932 0.3734472  0.3523292  0.4363354
 0.1545031  0.3614907  0.34673914 0.25714287 0.36459628 0.3166149
 0.41537267 0.34503105 0.11086956 0.3122671  0.26164597 0.6344721
 0.4068323  0.20326087 0.3045031  0.42795032 0.08198757 0.39813665
 0.31459627 0.28990683 0.12608695 0.37763974 0.3614907  0.32531056
 0.25341615 0.3916149  0.35652173 0.38524845 0.23447205 0.235559
 0.33680123 0.38540372 0.11475156 0.43586957 0.682764   0.16381988
 0.4501553  0.28695652 0.38074535 0.22453417 0.13338509 0.34083852
 0.4271739  0.20543478 0.39503106 0.20046584 0.37779504 0.40512422
 0.23649068 0.33850932 0.11195652 0.40822983 0.3847826  0.3812112
 0.12515529 0.32204968 0.46692547 0.4236025  0.18913044 0.34503105
 0.46257764 0.45559007 0.3726708  0.12701863 0.28152174 0.26397514
 0.2468944  0.08618012 0.39332297 0.46785715 0.05760869 0.51645964
 0.34953415 0.4248447  0.3824534  0.47313663 0.45900622 0.3545031
 0.42686334 0.35667703 0.39099377 0.5290373  0.17003106 0.6378882
 0.12903726 0.24130435 0.39798138 0.10186335 0.44580746 0.13850932
 0.47468945 0.45403728 0.33586955 0.3976708  0.39642859 0.33291924
 0.4779503  0.4621118  0.4795031  0.41459626 0.5236025  0.37919256
 0.31086957 0.3242236  0.3840062  0.33819875 0.5163044  0.15015528
 0.56397516 0.13478261 0.26847827 0.28059006 0.06708074 0.6021739
 0.33695653 0.34736025 0.33757764 0.34736025 0.4507764  0.37034163
 0.3810559  0.4388199  0.39037266 0.5167702  0.4513975  0.30729812
 0.32996893 0.24782608 0.10667702 0.49860248 0.33462733 0.10714286
 0.35093167 0.37127328 0.32437888 0.12313665 0.3914596  0.33913043
 0.15031056 0.17562112 0.36692548 0.27468944 0.3377329  0.34487578
 0.3416149  0.13369565 0.3675466  0.4122671  0.35496894 0.25714287
 0.28214285 0.37018633 0.09425466 0.37034163 0.40652174 0.48074535
 0.40745342 0.0666149  0.33850932 0.13338509 0.37763974 0.37173912
 0.12049689 0.51428574 0.414441   0.34518632 0.33959627 0.3675466
 0.2158385  0.10947205 0.36645964 0.3863354  0.35559008 0.21832298
 0.41645962 0.42080745 0.36055902 0.3998447  0.14953417 0.34114906
 0.40295032 0.38198757 0.22686335 0.34518632 0.28012422 0.4636646
 0.3833851  0.44223604 0.13975155 0.44363353 0.38881987 0.32763976
 0.4781056  0.39798138 0.37018633 0.13074534 0.21552795 0.18850932
 0.35605592 0.29440993 0.37965837 0.15046583 0.15093167 0.09751553
 0.36537266 0.13726708 0.38944098 0.3439441  0.24347825 0.37080744
 0.6364907  0.13478261 0.12080745 0.40931678 0.13509317 0.4818323
 0.14751554 0.34068322 0.63975155 0.19099379 0.08043478 0.1113354
 0.12639752 0.45838508 0.41847825 0.17313665 0.41940993 0.12624224
 0.15729813 0.26164597 0.48664597 0.12127329 0.5299689  0.4
 0.15310559 0.36692548 0.431677   0.2871118  0.2720497  0.26381987
 0.3728261  0.60201865 0.33664596 0.41397515 0.40403727 0.5015528
 0.10341615 0.38291925 0.51304346 0.28990683 0.41475156 0.35869566
 0.13804348 0.1431677  0.0923913  0.36832297 0.23649068 0.4173913
 0.22298136 0.34487578 0.34937888 0.35093167 0.34937888 0.39580745
 0.31009316 0.2736025  0.26785713 0.38307452 0.40947205 0.3513975
 0.38229814 0.68602484 0.35170808 0.2121118  0.41009316 0.57763976
 0.36102486 0.4507764  0.11661491 0.40279502 0.43183228 0.29487577
 0.49223602 0.12996894 0.39673913 0.33245343 0.1295031  0.11335403
 0.26475155 0.18571429 0.4015528  0.39844722 0.34751552 0.37903726
 0.22484472 0.1976708  0.2743789  0.3326087  0.18835403 0.30046585
 0.14177018 0.42313665 0.36723602 0.09798136 0.3652174  0.48664597
 0.45947206 0.3416149  0.36413044 0.3697205  0.11335403 0.3386646
 0.35       0.13649069 0.3628882  0.37981367 0.11475156 0.37515527
 0.2417702  0.13959627 0.14891304 0.41878882 0.37329194 0.23913044
 0.16180125 0.3925466  0.34829193 0.22204968 0.44114906 0.48913044
 0.20636646 0.36459628 0.23757765 0.37375775 0.4812112  0.2158385
 0.34580746 0.17080745 0.5697205  0.0757764  0.34704968 0.49223602
 0.3490683  0.22810559 0.38726708 0.10667702 0.23804347 0.17003106
 0.43602484 0.15962733 0.37080744 0.28773293 0.16273291 0.5787267
 0.44984472 0.3840062  0.3885093  0.27111802 0.4386646  0.51552796
