
y pred: [0.41272268 0.41341612 0.40336606 0.39685336 0.43675095 0.3796844
 0.42758912 0.4028509  0.35742983 0.40260595 0.42154476 0.35868758
 0.3333074  0.38076717 0.43525782 0.39078408 0.3709381  0.4393627
 0.35742983 0.37854698 0.34831268 0.44311923 0.43189234 0.35742983
 0.4968283  0.42968157 0.37069282 0.4294511  0.41268197 0.4052573
 0.4016703  0.35164696 0.39874732 0.37825638 0.39092356 0.3619965
 0.4427672  0.32082656 0.39277172 0.4006191  0.3701479  0.37371913
 0.43182322 0.49483562 0.40952682 0.46222562 0.4126646  0.43850663
 0.41560584 0.4048491  0.42110378 0.36127448 0.4010463  0.34274518
 0.41460073 0.3581004  0.35734534 0.35742983 0.35988545 0.3973449
 0.37738913 0.4148091  0.42100677 0.34765348 0.380811   0.41813123
 0.38349357 0.37424707 0.3661805  0.41294992 0.42089686 0.40889066
 0.4261263  0.39466995 0.41005063 0.37858278 0.37421113 0.41361636
 0.4329995  0.33764794 0.41197997 0.32822186 0.40699533 0.4234544
 0.383625   0.3706249  0.39536268 0.41477183 0.37143818 0.36413628
 0.3990888  0.40779108 0.34140456 0.35696724 0.38174868 0.40391564
 0.4116153  0.4019487  0.4041021  0.3762184  0.41790575 0.3687107
 0.40617815 0.43410262 0.41591883 0.35997683 0.35701737 0.37163138
 0.46546754 0.39544624 0.47033367 0.4843507  0.44673744 0.41432545
 0.36460406 0.37308767 0.4285047  0.37109953 0.37381864 0.3992624
 0.43204585 0.35667643 0.4130528  0.42034954 0.4017867  0.3723017
 0.39670572 0.40664148 0.39805782 0.405255   0.4155516  0.35110256
 0.39633438 0.3873476  0.4382116  0.36423606 0.39251885 0.28187764
 0.38086534 0.3871505  0.3866692  0.36953545 0.4067492  0.43555707
 0.40528542 0.36563477 0.4029561  0.40939736 0.41571745 0.35327575
 0.39071772 0.35742983 0.40096572 0.44316053 0.4354655  0.33144096
 0.34798208 0.42260438 0.3893462  0.37713546 0.3439381  0.43331242
 0.38553533 0.42923823 0.40011495 0.4171199  0.38934895 0.38283697
 0.41463652 0.4164443  0.369988   0.37331605 0.35442954 0.4194943
 0.37720963 0.39079824 0.35742983 0.38212052 0.40831918 0.3325624
 0.45274496 0.38893405 0.4044697  0.3652806  0.3630407  0.413526
 0.47874182 0.37656593 0.38758653 0.41255996 0.3502382  0.4408607
 0.35151827 0.40265906 0.41696405 0.35742983 0.41539317 0.40042502
 0.43058512 0.37458912 0.4217279  0.39557126 0.41860878 0.37477642
 0.3715094  0.45151055 0.47186264 0.37885562 0.4191014  0.40783727
 0.42340577 0.4194747  0.42146623 0.4072309  0.382136   0.3632645
 0.37665153 0.38025898 0.4446483  0.40839303 0.3910641  0.36199388
 0.39110154 0.39049226 0.36206064 0.3789726  0.40212548 0.40154722
 0.43406364 0.4446078  0.38923988 0.41224095 0.42398816 0.4072953
 0.4199254  0.44059956 0.46278206 0.3829524  0.37217066 0.44325098
 0.37953696 0.38178754 0.38928917 0.4703905  0.3135884  0.36363432
 0.3600081  0.3822306  0.3872902  0.3762064  0.37479323 0.41473097
 0.4082027  0.3644692  0.34268057 0.41649455 0.41684848 0.30989537
 0.40664595 0.4218905  0.37737384 0.41021746 0.35742983 0.4005444
 0.3606068  0.40989235 0.35513294 0.41591793 0.38993338 0.38124007
 0.41753328 0.42321557 0.40317667 0.3991325  0.419201   0.3785621
 0.43860638 0.3636733  0.37642813 0.36716312 0.37687346 0.45051858
 0.38354543 0.42217407 0.42281437 0.37403974 0.44992188 0.37534568
 0.3919668  0.44068074 0.35742983 0.38855442 0.38744754 0.38929453
 0.4358281  0.39546856 0.37417725 0.45662344 0.37715808 0.39106
 0.32964054 0.42295754 0.3508708  0.46357173 0.39359805 0.4125191
 0.46228665 0.44189793 0.41435122 0.43630922 0.4074531  0.37255743
 0.39271635 0.4368966  0.39882076 0.38004833 0.3953912  0.46417046
 0.5216907  0.37407976 0.38720003 0.3572597  0.3333479  0.4007764
 0.4248072  0.41709447 0.42204234 0.40272886 0.43229628 0.38674834
 0.39037442 0.35733178 0.40515193 0.3454354  0.37901884 0.39591348
 0.38217795 0.36673987 0.49880224 0.42973495 0.35742983 0.36657026
 0.4212475  0.40823102 0.42883188 0.43973002 0.410931   0.3614323 ]
y test: [0.1434543  0.32224968 0.17499524 0.4404332  0.14250427 0.50104505
 0.12806384 0.4470834  0.70834124 0.12369371 0.43416303 0.51415545
 0.41782254 0.46798405 0.42238268 0.3838115  0.25080752 0.43207297
 0.5698271  0.59148777 0.4503135  0.38723162 0.40908226 0.58217746
 0.5439863  0.5413262  0.44860345 0.58483756 0.46817404 0.43606308
 0.13813414 0.40984228 0.5470264  0.24434733 0.31768954 0.22781684
 0.16321489 0.5367661  0.09424283 0.1533346  0.60117805 0.4432833
 0.15105453 0.48109442 0.48147443 0.11913358 0.43796313 0.14554437
 0.48831466 0.4535436  0.5097853  0.61219835 0.5502565  0.46874407
 0.2236367  0.17499524 0.15827475 0.53904617 0.4862246  0.4235227
 0.41269237 0.12749383 0.42789283 0.14744443 0.42257267 0.4201026
 0.4037621  0.61884856 0.52517575 0.28861865 0.30875927 0.4600038
 0.42200267 0.3566407  0.46912408 0.4930648  0.08075242 0.13376401
 0.41744253 0.48603457 0.42865285 0.12445373 0.3792514  0.41877255
 0.1569447  0.16682501 0.13205396 0.13148394 0.47843435 0.20387612
 0.31502944 0.3570207  0.49591488 0.49192476 0.44100323 0.22192666
 0.6040281  0.13148394 0.45221356 0.29165876 0.47463423 0.6937108
 0.10697321 0.49553487 0.4432833  0.45563367 0.1964659  0.59851795
 0.44138324 0.44746342 0.5569067  0.35151055 0.14193426 0.4793844
 0.2167965  0.12179365 0.37241116 0.38191146 0.12578377 0.2034961
 0.17062512 0.49762493 0.07923238 0.5764773  0.14801444 0.24168725
 0.3805814  0.47064412 0.1569447  0.5797074  0.3127494  0.13395402
 0.4562037  0.4867946  0.48603457 0.3629109  0.16454494 0.07030211
 0.52118564 0.51282537 0.44841346 0.4964849  0.5740072  0.11533346
 0.44423333 0.46228388 0.47463423 0.4191526  0.45506364 0.17917538
 0.31084934 0.5202356  0.4427133  0.14573437 0.4459434  0.44252327
 0.67433023 0.29583886 0.4364431  0.33212996 0.44195327 0.42865285
 0.5019951  0.43492305 0.33479005 0.6159985  0.48736462 0.63195896
 0.46646398 0.43093294 0.49591488 0.14687441 0.37241116 0.53961617
 0.46798405 0.5757173  0.54816645 0.5063652  0.4104123  0.1198936
 0.43169296 0.4467034  0.49781492 0.4430933  0.35721073 0.40205207
 0.48907468 0.36044082 0.50294507 0.21508645 0.16454494 0.51149535
 0.43511304 0.23598708 0.14630438 0.48508456 0.53448606 0.4362531
 0.38533157 0.15865476 0.20767623 0.20425613 0.4273228  0.4639939
 0.51852554 0.3933118  0.47444424 0.45259356 0.63898915 0.20482615
 0.60497814 0.3494205  0.27759832 0.46171385 0.4368231  0.15010451
 0.41820255 0.47121415 0.53448606 0.43929318 0.13718411 0.41896257
 0.10450313 0.41269237 0.50161505 0.25384763 0.14820445 0.4968649
 0.266008   0.5139654  0.13129394 0.39521185 0.53182596 0.52802587
 0.16644499 0.3401102  0.46608397 0.47824433 0.5099753  0.46798405
 0.14573437 0.30457914 0.11457343 0.41858256 0.5603268  0.49040473
 0.5314459  0.42523277 0.4195326  0.11742352 0.4974349  0.04237127
 0.4227627  0.5236557  0.5968079  0.4501235  0.33422002 0.45905378
 0.5031351  0.47064412 0.49895498 0.56526697 0.53505605 0.17575528
 0.1803154  0.13737412 0.21812655 0.46893406 0.42808285 0.16112484
 0.4235227  0.38039142 0.08607258 0.45905378 0.2236367  0.533916
 0.5757173  0.39445183 0.5451264  0.15238456 0.56583697 0.13775413
 0.4636139  0.40528217 0.43853316 0.15219456 0.34790045 0.44157323
 0.77902335 0.55595666 0.532586   0.29089874 0.42846286 0.4799544
 0.57172716 0.42447272 0.43169296 0.06365191 0.4231427  0.39559186
 0.47425422 0.37184116 0.49135473 0.35094053 0.1635949  0.2164165
 0.4869846  0.29887897 0.28063843 0.54151624 0.37450123 0.58426756
 0.4900247  0.12578377 0.43511304 0.50427514 0.46171385 0.16929507
 0.566787   0.13908418 0.16853505 0.466274   0.4398632  0.35588068
 0.47292417 0.4535436  0.5930078  0.4191526  0.39350182 0.44214326
 0.22135665 0.13224396 0.2764583  0.04161125 0.12901387 0.49591488
 0.50826526 0.10184305 0.58141744 0.17442523 0.501235   0.48755464
 0.45582366 0.42200267 0.42143264 0.29849896 0.35417062 0.45145354]
